50259177643
50259177654
50259177667
50259177674
50259177685
50259177733
50259178106
50259178107
50259178136
50259178166
50259178222
50259178232
50259178275
50259178292
50259178451
50259178584
50259178609
50259178613
50259178647
50259178651
50259158816
50259158946
50259155870
50259156038
50259156096
50259156353
50259156989
50259157056
50259157366
50259157636
50259157641
50259157941
50259157951
50259158021
50259158443
50259159551
50259159685
50259159759
50259150042
50259150119
50255417195
50255412849
50255413342
50255413616
50255413680
50255413780
50255414097
50255414183
50255414532
50255414607
50255417687
50255419252
50255419366
50255419393
50255419585
50255419613
50255411209
50255411545
50255411567
50255411592
50259171611
50259172045
50259172304
50259172577
50259172670
50259172732
50259172742
50259172833
50259172844
50259172962
50259173022
50259173047
50259173112
50259173154
50259173340
50259173398
50259173437
50259173465
50259173799
50259173908
50259155167
50259155184
50259155250
50259155433
50259150736
50259150884
50259150913
50259151184
50259153885
50259153960
50259154033
50259154232
50259154296
50259154412
50259154473
50259154482
50259154571
50259154873
50259154967
50259155013
50255412256
50255412567
50255412602
50255410361
50255410406
50255410439
50255410579
50255410651
50255415673
50255415721
50255415912
50255415965
50255416160
50255416207
50255410125
50255410270
50255413511
50255413516
50255413517
50255413861
50259173912
50259173964
50259174098
50259174140
50259174203
50259174386
50259174394
50259174619
50259174738
50259174832
50259174911
50259174949
50259175165
50259175215
50259170164
50259170275
50259170426
50259170608
50259170619
50259170786
50259155031
50259153266
50259153309
50259153458
50259153545
50259158714
50259158878
50259158895
50259151431
50259151468
50259151903
50259152012
50259152067
50259152156
50259152191
50259152289
50259152434
50259152450
50259152536
50259152853
50255414084
50255414347
50255416272
50255416697
50255416761
50255416775
50255416884
50255417177
50255417236
50255417250
50255413322
50255417507
50255417532
50255417572
50255414501
50255414817
50255414929
50255415097
50255415099
50255415146
50259170797
50259171148
50259171180
50259171218
50259171220
50259171243
50259171253
50259171281
50259171326
50259177953
50259178016
50259178177
50259178192
50259178528
50259178556
50259178672
50259178907
50259179117
50259179147
50259179185
50259153052
50259157404
50259158060
50259158097
50259158131
50259158305
50259158427
50259155987
50259156042
50259156333
50259156374
50259156496
50259156514
50259156558
50259156855
50259156945
50259157000
50259157128
50259157186
50259159710
50255415309
50255415380
50255415390
50255419453
50255419599
50255419707
50255419809
50255419836
50255419846
50255419864
50255419937
50255417644
50255417837
50255418026
50255418080
50255418728
50255418827
50255418847
50255418963
50255419059
50259179353
50259179490
50259179617
50259170905
50259170969
50259171642
50259171717
50259171797
50259174864
50259174914
50259175382
50259175813
50259175926
50259175973
50259176588
50259175315
50259175372
50259175430
50259175565
50259175616
50259159852
50259150115
50259150217
50259153674
50259150983
50259151288
50259151398
50259151646
50259154609
50259154671
50259154705
50259154812
50259154860
50259154952
50259155393
50259150540
50259150562
50259150584
50259155723
50259156204
50255419149
50255419213
50255412136
50255412374
50255410191
50255410216
50255411607
50255411762
50255416452
50255416532
50255416731
50255414036
50255414089
50255414106
50255414315
50255414378
50255414683
50255414772
50255417239
50255417246
50259179228
50259175756
50259175784
50259176098
50259176112
50259176141
50259176155
50259176167
50259176382
50259176427
50259176433
50259176461
50259176499
50259176684
50259177020
50259177190
50259177552
50259177659
50259177679
50259177794
50259152551
50259152723
50259152945
50259158543
50259158867
50259158924
50259159310
50259159429
50259177806
50259157493
50259157536
50259157683
50259157701
50259177832
50259158347
50259159108
50259159270
50259151910
50259152487
50259159528
50255419166
50255413499
50255413666
50259176712
50259176794
50255410458
50255415505
50255415614
50255415639
50255415980
50255416034
50255416045
50255418243
50255418431
50255418463
50255418474
50255412354
50255410598
50255410132
50255410294
50253126135
50253126290
50253121483
50259173183
50253120162
50253125894
50253126068
50253128204
50253125005
50253125043
50253125329
50253125698
50253126022
50253126134
50253126173
50253126224
50253126227
50253126453
50253126809
50253126917
50259173244
50259173305
50259174387
50259174511
50259177427
50259177470
50259177493
50259177708
50259178567
50259178590
50259178627
50259159609
50259159638
50259159861
50259159876
50259155525
50259154116
50259154806
50259156623
50259156700
50259156875
50259156924
50259154856
50259156780
50259157223
50259153091
50259157991
50259156393
50259150028
50259150351
50259150381
50255418763
50255419356
50255419675
50255419689
50255411356
50255414975
50255415018
50255415356
50255417346
50255417379
50255413813
50255413859
50255417205
50255417278
50255413374
50255414954
50255418675
50255418691
50255419428
50255410756
50253126995
50253127063
50259154767
50253127877
50253123197
50253123674
50253123757
50253123848
50253121127
50252134289
50252134302
50252134329
50252134486
50252134922
50252134939
50252139895
50252139896
50252137062
50252137241
50252137349
50252137383
50252137454
50252137636
50252138142
50252138189
50252138212
50252138376
50252138411
50252138578
50252142269
50252142344
50252142412
50252142460
50252142576
50252142815
50252142853
50252142895
50252142925
50252142962
50252143049
50252143628
50252143927
50252143940
50252143947
50252143952
50252149773
50252149779
50252149782
50252149826
50252909070
50252909102
50252909157
50252909219
50252904892
50252904941
50252904959
50252905059
50252905077
50252905094
50252905113
50252905127
50252905129
50252905133
50252905142
50252905178
50252902502
50252907565
50252907584
50252907596
50252978318
50252970355
50252975261
50252975335
50252972735
50252972953
50252973412
50252975833
50252976186
50252976194
50252976675
50252976756
50252976812
50252971372
50252971531
50252971547
50252971628
50252971656
50252971768
50252971985
50253126099
50253126279
50253126579
50253126700
50253126830
50253127952
50253123208
50253123342
50253123449
50253123669
50253123836
50253120810
50253121143
50253121209
50253121231
50253121397
50253121513
50253121965
50253124318
50253124468
50255410976
50255411043
50255411064
50255411113
50255411972
50255412124
50255412209
50255412371
50255410472
50255410543
50255410574
50255415735
50255415747
50255415798
50255415977
50255415996
50255416074
50255410039
50255410097
50255410193
50259157163
50259157170
50259157978
50259158092
50259158194
50259158258
50259159544
50259159558
50259159956
50259150055
50259150064
50259150066
50259150274
50259150363
50259150393
50259155075
50259155094
50259155279
50259155420
50259150779
50235653017
50235653357
50235654136
50235654426
50235656031
50235657257
50235657962
50235657982
50235658746
50235659190
50235659278
50235661091
50235666921
50235667936
50235672711
50252134106
50252134418
50252134461
50252134484
50252134534
50252134552
50252134584
50252134602
50252134734
50252135028
50252138691
50252138794
50252139219
50252139452
50252137273
50252137362
50252137473
50252137855
50252137907
50252137932
50252146395
50252146616
50252142278
50252142553
50252145122
50252145197
50252145563
50252145592
50252145595
50252145657
50252145690
50252145997
50252146171
50252146227
50252144515
50252144604
50255106287
50252143233
50252143263
50252143514
50252906251
50252902678
50252902704
50252900426
50252900543
50252900691
50252902748
50252903143
50252903189
50252903710
50252903745
50252903856
50252903865
50252904325
50252908461
50252908629
50252908769
50252908808
50252908937
50252904565
50252971176
50252970479
50252976083
50252976173
50252976289
50252976507
50252976588
50252972406
50252973119
50252973343
50252973467
50252973497
50252973521
50252973531
50252973730
50252973756
50252974309
50252974426
50252974481
50252974579
50253128162
50253126275
50253126334
50253127298
50253121944
50253122284
50253120768
50253126033
50254105085
50254109351
50254104150
50254102701
50254108663
50254106735
50254101169
50254104372
50254103842
50254103950
50254101876
50254104807
50254108429
50254107529
50254117993
50254118146
50254119196
50254110058
50254112326
50254113985
50254112680
50254115598
50254115448
50254116689
50254117917
50254118986
50254110535
50254119317
50254116941
50254114483
50254114126
50254119247
50254115747
50254118359
50254130792
50254137512
50254134974
50254136080
50254133556
50254130411
50254131888
50254134282
50254136366
50254141704
50254140634
50254149436
50254149229
50254143123
50254148773
50254142158
50254178229
50254174301
50254175123
50254178409
50254178979
50254179364
50254609676
50254607723
50254607917
50254604101
50254605563
50254602594
50254600523
50254608205
50254607536
50254606644
50254603907
50254609583
50254607389
50254604253
50254603485
50254606350
50254820544
50254822431
50254822936
50254821840
50254825614
50254821880
50254821053
50254827352
50254821298
50254821308
50254821970
50254822152
50254827108
50254826741
50254823198
50254821944
50254821993
50254822033
50254822188
50254823529
50255104619
50255105736
50255102686
50255103810
50255168775
50255107283
50255103080
50255103062
50255177920
50255107370
50255173098
50255151725
50255101375
50255100157
50255125206
50255107493
50254145432
50255103438
50255162721
50255164742
50255106837
50255104437
50255105578
50255128749
50255128746
50255123264
50255124689
50255128922
50255127282
50255129305
50254117645
50254117246
50254115029
50255113243
50255106163
50255106408
50255154550
50255162551
50255168595
50255100889
50255102416
50255115789
50255118728
50255115390
50255114572
50255112235
50255111930
50255135829
50255136695
50255134704
50255141973
50255148184
50255142357
50255148830
50255140625
50255148658
50255140952
50255175838
50255178703
50255175278
50255176275
50255170503
50255172220
50255178690
50255173922
50255171940
50255175423
50255173752
50255171295
50255179274
50255174080
50255417258
50255412836
50255413643
50255413721
50255413759
50255410541
50255410699
50255415534
50255417753
50255417873
50255417937
50255418078
50255418301
50255418315
50255418450
50255418476
50255418485
50255418523
50255410578
50242152373
50242153559
50242154112
50242155624
50242164837
50242166178
50242166861
50242167580
50242169926
50242174082
50242176926
50242180830
50242181042
50242181575
50242182686
50242185343
50242185805
50242186619
50242188254
50242188883
50242192247
50242192277
50242193695
50242195997
50242198626
50242199874
50242201114
50242202181
50242203851
50242204137
50242204530
50242205688
50242205707
50242208458
50247680870
50247682080
50247682154
50247684468
50247685929
50247686134
50250185638
50247690347
50247690428
50250185870
50247695410
50247698946
50250185879
50247706037
50247707108
50247709173
50250162696
50250165398
50250165954
50250166930
50239905686
50250170476
50250171850
50250171912
50250174122
50250174640
50239909650
50250180024
50250182231
50250184629
50250186170
50250189259
50250190902
50250191190
50250191258
50250193143
50250194534
50250194756
50250196233
50250196906
50254100370
50254100415
50254100930
50254103484
50254106361
50254106506
50254107236
50254109045
50254109355
50254109666
50254110101
50254110249
50254110376
50254110721
50254110818
50254111791
50254112233
50254112960
50254113469
50254114012
50254114949
50254115151
50254115981
50254116346
50254117264
50254117605
50254118665
50254118989
50254119833
50254121479
50254121931
50254122229
50254122484
50254123612
50254123649
50254124220
50254126790
50254127671
50254128546
50254128910
50254129133
50254129188
50254129495
50254130127
50254130635
50254131897
50254132066
50254132590
50254133487
50254134014
50254134024
50254135071
50254135833
50254136463
50254136960
50254138508
50254139522
50254140120
50254140211
50254140416
50254141773
50254142492
50254143682
50254143856
50254144377
50254144758
50254145025
50254145470
50254145542
50254145769
50254146057
50254146340
50254146567
50254146689
50254146765
50254146988
50254147148
50254147846
50254174425
50254174611
50254174629
50254176784
50254177112
50254177325
50254178993
50254600504
50254601987
50254603096
50254603161
50254603296
50254604435
50254604493
50254605693
50254606223
50254607503
50254607991
50254608123
50254608513
50254608890
50254609943
50254821340
50254822317
50254822810
50254823738
50254824101
50254827155
50254828077
50255101678
50255101731
50255102856
50255103404
50255103607
50255104283
50255105456
50255107475
50255108775
50255108883
50255109653
50255111857
50255112348
50255112396
50255113365
50259783551
50239908842
50255115335
50255115552
50255115587
50255115670
50255116602
50255116812
50255117090
50255117492
50255117686
50255117877
50255120180
50255123215
50255123330
50255123620
50255123649
50255123774
50255124883
50255125013
50255125394
50255125696
50255127732
50255128520
50255129216
50255130577
50255130585
50255131103
50255131466
50255131541
50255132897
50255133921
50255134287
50255135711
50255136551
50255136570
50255137454
50255137676
50255138314
50255139890
50255140904
50255142384
50255142466
50255143472
50255144467
50255147549
50255148699
50255149839
50255151197
50255152084
50255153819
50255155309
50255156372
50255157481
50255157745
50255160310
50239903071
50239907887
50239903531
50255162732
50239906676
50239901506
50239909844
50239906748
50255163857
50239909275
50255164491
50239914864
50239914912
50239919744
50239917044
50239912363
50239914657
50239917715
50239918964
50239910226
50239918836
50239935803
50239937136
50239930216
50255176953
50255177583
50255178421
50256301183
50256302118
50239954188
50239958633
50239950738
50256306909
50239959335
50239957482
50241282110
50241286086
50241286058
50241495978
50256314658
50256314961
50256316166
50256316383
50256316567
50256317731
50256317844
50256320273
50256320448
50256321190
50256321690
50256323457
50256323612
50256323930
50256323953
50256324150
50256325824
50256326541
50256327940
50256327976
50256328450
50256329352
50256331914
50256334915
50256335120
50256339139
50241498668
50257150717
50241490564
50257151937
50257152154
50257157697
50257158282
50257159209
50257159388
50257159939
50258250054
50258250425
50258252426
50258253936
50257157608
50258256840
50258257503
50258258584
50258258601
50258259759
50258650869
50258651526
50258652280
50258652977
50258653079
50258653083
50258654054
50258655847
50258656664
50258659825
50259222082
50257153509
50259225576
50259227645
50259231493
50257153569
50259232622
50259234276
50259510146
50259510712
50259511815
50259513359
50259514867
50259516301
50259517615
50259666841
50259668046
50257150129
50235654183
50235654685
50235659953
50235670217
50235673935
50235679865
50235679892
50235682570
50235682933
50235684985
50235688678
50235690649
50235690923
50235693220
50235700592
50235702521
50235705017
50235712910
50235713840
50235714500
50235718030
50235721507
50235725147
50235725216
50235733861
50235745264
50235747868
50235748484
50235748880
50237552035
50237553579
50237553594
50237553666
50237554966
50237555221
50237555497
50237555757
50237556105
50237557665
50237557853
50237558434
50237560483
50237561294
50237561975
50237562094
50237563083
50237563349
50237566193
50237566339
50237566365
50237566386
50237566796
50237567406
50237568420
50237568572
50237568807
50237569517
50237571915
50237574184
50237576703
50237576809
50237577161
50237577504
50237578154
50237578930
50237579123
50237579836
50237580004
50237580162
50237580182
50237580219
50237581725
50237581746
50237581831
50237581926
50237582755
50237583082
50237583107
50237583369
50237583571
50237583941
50237584021
50237584145
50237584645
50237584872
50237585107
50237586076
50237586117
50237586383
50237586667
50237586893
50237587518
50237588107
50237588905
50237589560
50237589946
50237590027
50237590825
50237591296
50237591961
50237592296
50237592410
50237592896
50237593292
50237593674
50237594521
50237594991
50237595344
50237595457
50237595586
50237595726
50237595791
50237596839
50237597797
50237597866
50237598171
50237598304
50237598345
50237598642
50237599336
50237599454
50237599487
50237600242
50237600365
50237600417
50237601065
50237601576
50237601731
50237603224
50237603811
50237605421
50237606328
50237607540
50237607758
50237608542
50237609118
50237609288
50237609365
50237609803
50237609947
50237611054
50237612343
50237612671
50237612918
50237613178
50237613956
50237614339
50237614594
50237614616
50237615229
50237615972
50237616155
50237616317
50237616380
50237616847
50237617364
50237617485
50237619086
50237619164
50237620973
50237621121
50237621130
50237622940
50237623352
50237624127
50237625412
50237627365
50237627913
50237628085
50237629177
50237629751
50237629832
50237629865
50237632902
50237633176
50237633381
50237633754
50237634280
50237634433
50237634978
50237635010
50237635621
50237635712
50237635980
50237636089
50237637869
50237638222
50237638603
50237639092
50237639359
50237642375
50237642430
50237643395
50237644447
50237647725
50237649822
50237649983
50239900453
50239902043
50239902059
50239903826
50239907569
50239908232
50239908561
50239909345
50239911524
50239913235
50239913990
50239916011
50239917358
50239917760
50239918406
50239918617
50239919257
50239919394
50239919831
50239923842
50239927358
50239929041
50239933049
50239936119
50239938404
50239938432
50239950060
50239950231
50239953175
50239953982
50239954660
50239955898
50239958573
50258259491
50241282786
50241283568
50241283927
50241286505
50241287207
50241288863
50241492670
50241493723
50241493827
50241494605
50241494627
50241494667
50241495125
50241498206
50241503006
50241508490
50241508709
50241511766
50241512581
50241516134
50241517423
50241540744
50241542581
50241543211
50241544490
50241545613
50241548872
50241548925
50241548942
50241549429
50252138327
50252138377
50252138421
50252139520
50252138229
50242106403
50242107205
50252143522
50242108368
50242108651
50242109055
50242110740
50242111156
50242111642
50242112387
50242112956
50242115875
50242116624
50242116954
50242117354
50242118922
50242120064
50242125394
50242126642
50242127437
50242127523
50242129180
50242140417
50255417188
50242142126
50242143062
50242143311
50242144511
50242147250
50242147315
50242151480
50242151680
50242151734
50242156744
50242157317
50255150238
50242159540
50242165459
50242166258
50242167162
50242169642
50242170829
50242177644
50242179566
50242182752
50242183373
50242183756
50242188038
50242189104
50242189816
50242192572
50242193137
50242196712
50242199827
50242200264
50242200942
50242203873
50242204405
50242207340
50242208701
50247681731
50247682845
50247684303
50247684624
50247685436
50247686162
50247687401
50247687851
50257154677
50247691419
50247691751
50257152713
50247694024
50247694933
50257158605
50247697202
50247697906
50247699344
50247701036
50247701458
50258256485
50247703995
50247704589
50247705538
50247706847
50247707167
50258258426
50250161741
50250162970
50250164728
50250165693
50258259336
50250170376
50250173650
50258258489
50250175195
50250175297
50250178683
50250178808
50250179549
50250181613
50250182371
50250183176
50258256401
50250186118
50258652835
50250187479
50250188751
50250188790
50250189376
50250192113
50250193032
50250193766
50250196397
50250198071
50250198255
50250199792
50254100319
50254100627
50254101800
50254103897
50254104701
50254105407
50258650930
50254106146
50254106568
50254106929
50254107794
50254108699
50254109164
50258257159
50254111393
50254113123
50254113664
50254113754
50254114001
50258257617
50254115910
50258257690
50254119069
50254119449
50254119778
50254119984
50254121516
50254122254
50254122986
50254123369
50254123664
50254123965
50254124173
50254124612
50254125387
50254125863
50254125950
50254126278
50254126449
50254126833
50254126952
50254127326
50254127432
50254127559
50254129034
50254130168
50254133964
50254136482
50254137996
50254138086
50254138282
50254139439
50254139476
50254139565
50254140075
50254140802
50254141890
50254143545
50254144210
50254145405
50254146210
50254146493
50254146540
50254147520
50254172568
50254174913
50254174989
50254175370
50254175387
50254175640
50254177380
50254177718
50254178540
50254179282
50254179374
50254602502
50254602669
50254604561
50254605153
50254605309
50254606431
50254608066
50254608397
50254609179
50254822343
50254824809
50254825051
50254826009
50254827067
50254827949
50254828163
50254829433
50254829520
50255100173
50255100518
50255100697
50255103714
50255106963
50255107744
50255108243
50255110343
50255110896
50255111298
50255112330
50255112860
50255114304
50255114523
50255114760
50255115195
50255116777
50255117307
50255118970
50255119185
50255119248
50255119896
50255121444
50255122013
50255122734
50255123270
50255123615
50255124072
50255124606
50255124648
50255124838
50255125282
50255127046
50255128788
50258259651
50255129193
50255129884
50255130171
50255130351
50255132102
50255132152
50255132216
50255132262
50255132328
50255132388
50255133179
50255133692
50255134788
50255135956
50255135985
50255136040
50255136104
50255136461
50255137644
50255137870
50255138166
50255139254
50255140651
50255142090
50255142182
50255142323
50255142471
50255142744
50255143186
50255143807
50255144187
50255144241
50255144555
50255145816
50255146573
50255146664
50255148012
50255148545
50255148595
50255149520
50255149567
50255149570
50255149904
50255150160
50255150584
50255152160
50255152480
50255154124
50255154606
50255154693
50255156141
50255156807
50255157218
50255157293
50255157455
50255158000
50255158386
50255159357
50255159461
50259154927
50259154973
50255161199
50259155256
50259155304
50255164619
50250191269
50255168427
50255168697
50250191791
50255170997
50255171368
50255171410
50255171575
50255171953
50255172658
50255174042
50255175061
50255177538
50255177827
50255178222
50255178309
50255179666
50256301452
50256302420
50256303057
50256304604
50256304915
50256306335
50256307280
50256309706
50256310561
50256310623
50256310715
50256314604
50256315197
50256317221
50256319227
50256319469
50256320158
50256321447
50256322070
50256322853
50256322942
50256323513
50256325035
50256325050
50256325138
50256325723
50256325905
50256327481
50256327774
50256329157
50256329627
50256331269
50256331359
50256332764
50256333440
50256333650
50256334571
50256335369
50256337984
50257150849
50257150918
50257152944
50257153860
50257153987
50257154134
50257154612
50257155354
50257156281
50257156898
50257157492
50257157839
50257159833
50258253832
50258255369
50258256876
50258258240
50258650454
50258651979
50258652944
50258653097
50258653978
50258654629
50258654915
50258655447
50258656369
50259223094
50259223176
50259224731
50259225191
50259227937
50259228573
50259228675
50259230961
50259236454
50259236746
50259239221
50259239720
50259239950
50259510511
50259510995
50259512121
50259512347
50259513281
50250191881
50259515627
50259516638
50259517164
50259517863
50259518110
50259660382
50259664011
50259667090
50235660005
50235660037
50235660656
50235663452
50235663493
50235663615
50235663681
50235663702
50235664287
50235665825
50235666435
50235667677
50235670589
50235671653
50235671961
50235674627
50235681408
50235682123
50235683884
50235686186
50235687996
50235691204
50235691419
50235692261
50235700168
50235702877
50235704613
50235707452
50235707941
50235709696
50235711311
50235713022
50235713734
50235714293
50235714665
50235714817
50235719643
50235720172
50235725824
50235725886
50235726669
50235730901
50235731319
50235732276
50235733035
50235740174
50235742229
50235742254
50235743505
50235746022
50235746530
50235747328
50235747371
50237552338
50237555793
50237556403
50237556851
50237557481
50237557593
50237557760
50237557849
50237558022
50237558387
50237558427
50237558510
50237558551
50237558775
50237558813
50237559062
50237559068
50237559191
50237559243
50237559314
50237559626
50237559844
50237560588
50237561080
50237561121
50237561157
50237561230
50237561231
50237561323
50237561483
50237561740
50237561981
50237562271
50237562407
50237562495
50237562540
50237562983
50237563235
50237563451
50237563652
50237563792
50237563868
50237564022
50237564278
50237564537
50237564651
50237564790
50237564807
50237564816
50237564908
50237565835
50237566021
50237566177
50237566209
50237566212
50237566275
50237566278
50237566290
50237566384
50237566546
50237567290
50237567404
50237567479
50237567503
50237567512
50237567566
50237567567
50237567569
50237567631
50237568779
50237568943
50237569059
50237569235
50237573013
50237576503
50237576599
50237576632
50237576775
50237577892
50237578167
50237578175
50237578193
50237578236
50237578352
50237578364
50237578391
50237578424
50237578443
50237578451
50237578469
50237578534
50237578654
50237578819
50237578993
50237579169
50237579469
50237579933
50237579971
50237580057
50237580101
50237580620
50237581027
50237581092
50237581152
50237581245
50237581276
50237581648
50237581697
50237581770
50237581878
50237581970
50237582050
50237582189
50237582236
50237582586
50237582657
50237582881
50237582891
50237582990
50237583138
50237583183
50237583205
50237583337
50237583423
50237583687
50237583863
50237583901
50237583944
50237584016
50237584231
50237584283
50237584387
50237584415
50237584704
50237584869
50237585046
50237585181
50237585856
50237585950
50237586068
50237586099
50237586130
50237586440
50237587333
50237587545
50237587961
50237588065
50237588484
50237588525
50237588872
50237588904
50237589002
50237589084
50237589229
50237589254
50237589740
50237590302
50237590508
50237591988
50237591996
50237592358
50237592537
50237592751
50237593073
50237593273
50237593388
50237593579
50237593914
50237594789
50237594801
50237595036
50237595251
50237595357
50237595373
50237595497
50237595526
50237596186
50237596407
50237597370
50237597399
50237597531
50237597572
50237597881
50237597929
50237598302
50237598303
50237598479
50237598564
50237598622
50237598991
50237599007
50237599118
50237599120
50237599173
50237599236
50237599257
50237599277
50237599355
50237599488
50237599502
50237599548
50237599637
50237599741
50237599773
50237600191
50237600330
50237600424
50237600507
50237600582
50237600921
50237601092
50237601682
50237601696
50237601828
50237602275
50237602284
50237602488
50237602631
50237602742
50237602872
50237603031
50237603243
50237603256
50237603653
50237603978
50237604195
50237604558
50237604575
50237604618
50237604638
50237604907
50237605497
50237605521
50237605894
50237606321
50237606333
50237606404
50237606961
50237607488
50237607630
50237607860
50237607965
50237608159
50237608175
50237608830
50237608937
50237608982
50237608989
50237609126
50237609149
50237609307
50237609359
50237609386
50237609688
50237609725
50237610997
50237611931
50237612167
50237612576
50237612581
50237612797
50237612809
50237613132
50237613610
50237613740
50237613840
50237614374
50237614439
50237615205
50237615339
50237616107
50237617067
50237618334
50237619445
50237619623
50237619666
50237620032
50237620316
50237620336
50237620638
50237621402
50237621690
50237622290
50237622480
50237622947
50237622985
50237622999
50237623429
50237623436
50237623646
50237623818
50237624414
50237624568
50237624725
50237624905
50237625093
50237627730
50237627809
50237627842
50237627928
50237628744
50237629008
50237629027
50237629239
50237629418
50237629903
50237630094
50237632212
50237632340
50237632343
50237632715
50237633025
50237633028
50237633096
50237633187
50237633220
50237633428
50237633641
50237634530
50237634670
50237634747
50237634880
50237635049
50237635581
50237635609
50237635623
50237635735
50237636038
50237636050
50237636057
50237636082
50237636278
50237636342
50237636794
50237636864
50237636896
50237637403
50237638148
50237638190
50237638209
50237638226
50237638356
50237638442
50237638507
50237638735
50237639165
50237640024
50237640308
50237641931
50237642132
50237642490
50237643139
50237643697
50237644053
50237645414
50237645562
50237645625
50237646046
50237646121
50237646235
50237646442
50237648232
50237648770
50237649572
50237649597
50239903326
50239903573
50239905545
50239906878
50239906998
50239907265
50239908188
50239908206
50239909392
50239911327
50239914130
50239914187
50239915605
50239916032
50239916057
50239916130
50239916197
50239916250
50239916365
50239916432
50239916434
50239916455
50239916478
50239916909
50239916913
50239919774
50239921263
50239921286
50239921288
50239921311
50239921316
50239921327
50239921331
50239921348
50239921355
50239921359
50239921369
50239921381
50239921401
50239921456
50239921457
50239921465
50239921478
50239921486
50239921497
50239921960
50239921962
50239921963
50239921967
50239921974
50239921975
50239921977
50239921978
50239921979
50239921980
50239921982
50239921984
50239921986
50239921987
50239921988
50239921989
50239921990
50239921992
50239921993
50239921994
50239921995
50239921996
50239921997
50239921999
50239922003
50239922006
50239922008
50239922009
50239922043
50239922044
50239922045
50239922046
50239922047
50239922052
50239922054
50239922059
50239922061
50239922067
50239922068
50239922070
50239922072
50239922073
50239922077
50239922081
50239922086
50239922087
50250192336
50239922163
50239922164
50239922165
50239922166
50239922167
50239922168
50239922169
50239922170
50239922171
50239922172
50239922173
50239922174
50239922175
50239922176
50239922177
50239922178
50239922179
50239922180
50239922181
50239922559
50239922816
50239922831
50239923249
50239923585
50239923622
50239924152
50239924154
50239924178
50239924233
50239924255
50239924265
50239924353
50239924368
50239924388
50239924425
50239924539
50239924556
50239926856
50239928703
50239928881
50239928943
50239928946
50239928953
50239930467
50239930559
50239930810
50239931101
50239931328
50239934839
50239936159
50239937561
50239937851
50239938094
50239939149
50239942163
50239943620
50239944484
50239946038
50239948531
50239948580
50239948859
50239948984
50239949249
50239949259
50239949356
50239949488
50239949740
50239949840
50239949865
50239950612
50239950637
50239950754
50239951054
50239951106
50239951322
50239951334
50239951481
50239951499
50239951546
50239951749
50239951874
50239951935
50239951956
50239951964
50239951967
50239951971
50239951980
50239951982
50239952037
50239952289
50239952927
50239953240
50239953241
50239953242
50239953250
50239953251
50239953266
50239953268
50239953298
50239953370
50239953379
50239953409
50239953444
50239953452
50239953461
50239953487
50239953530
50239954028
50239954063
50239954116
50239954159
50239954582
50239954721
50239955106
50239955115
50239955375
50239955492
50239955960
50239960544
50239961090
50239961217
50239961436
50239966466
50239968240
50239968355
50239969058
50239969122
50239969176
50239970509
50239970577
50239973902
50239974186
50239976263
50239979480
50239979979
50239980423
50239981721
50239982373
50239986391
50239986843
50239987744
50239987939
50239987951
50239990256
50239990445
50239993018
50239995901
50239997255
50239997821
50241282514
50241283736
50241284052
50241285421
50241286361
50241287058
50241287437
50241288115
50241288820
50241289197
50241494055
50241498476
50241500108
50241500416
50241501475
50241505314
50241507966
50241509114
50241509729
50241511363
50241512449
50241513022
50241513146
50241513432
50241513483
50241514576
50241514612
50241514661
50241514716
50241514763
50241514868
50241515022
50241515311
50241515319
50241515473
50241515498
50241515798
50241515810
50241515837
50241515845
50241515954
50241515984
50241516347
50241516442
50241516667
50241516824
50241517083
50241517594
50241517802
50241518376
50241518410
50241518616
50241518835
50241518876
50241519965
50241540006
50241540034
50241540314
50241540477
50241540760
50241541007
50241541078
50241541527
50241542064
50241542070
50241542152
50241542282
50241542590
50241542616
50241542685
50241542713
50241542894
50241543008
50241543133
50241543368
50241543449
50241543456
50241543464
50241543547
50241543564
50241543629
50241543646
50241543693
50241543918
50241544002
50241544342
50241544384
50241544412
50241544578
50241544596
50241544752
50241544882
50241544997
50241545013
50241545146
50241545246
50241545332
50241545396
50241545856
50241546109
50241546113
50241546176
50241546253
50241546336
50241546484
50241546493
50241546524
50241546609
50241546840
50241546995
50241547467
50241547832
50241547838
50241548256
50241548319
50241548487
50241548521
50241548527
50241548671
50241548724
50241548767
50241548786
50241548991
50241549008
50241549058
50241549154
50241549324
50241549403
50241549448
50241549714
50241549715
50241549858
50241549932
50242100005
50242100041
50242100804
50242100817
50242101226
50242101716
50242103305
50242104166
50242104607
50242105005
50242105062
50242105342
50242106203
50242106445
50242106501
50242106525
50242106771
50242107010
50242109020
50242109079
50242109317
50242109513
50242109552
50242109634
50242110278
50242110693
50242110741
50242110745
50242110977
50242111016
50242111364
50242112324
50242112568
50242112654
50242112756
50242112970
50242113337
50242114143
50242114168
50242114195
50242114677
50242114763
50242115102
50242117181
50242117692
50242118940
50242118976
50242119637
50242119748
50242119808
50242119864
50242120051
50242120103
50242120229
50242120265
50242120779
50242120925
50242120946
50242121117
50242123583
50242123985
50242124015
50242124462
50242124625
50242124791
50242125410
50242125594
50242126992
50242127224
50242127349
50242127420
50242127427
50242127521
50242128061
50242128226
50242129612
50242129654
50242129757
50242140615
50242141008
50242141333
50242144656
50242144919
50242144943
50242145609
50242145934
50242146043
50242146125
50242146298
50242146519
50242147771
50242147912
50242148083
50242148644
50242149013
50242149581
50242149593
50242149903
50242150116
50255418744
50242152045
50242152468
50242152561
50242152618
50255418867
50242153040
50242153426
50242153479
50242153694
50242153742
50242153797
50242154007
50242154143
50242154286
50242154293
50242154294
50242154665
50242154909
50242155073
50242155220
50242155221
50242155357
50242155415
50242155426
50242155567
50242155829
50242155943
50242155971
50242156444
50242156478
50242157080
50242157281
50242157493
50242157648
50242160621
50242160628
50242160804
50242160973
50242161133
50242161373
50242161654
50242162294
50242162663
50242163173
50242163501
50242164124
50242164150
50242164295
50242164370
50242164935
50242165349
50242165572
50242165595
50242165617
50242165783
50242165793
50242165872
50242166165
50242166542
50242166613
50242166651
50242166703
50242166942
50242167007
50242167045
50242167080
50242168623
50242169890
50242170784
50242172123
50242172395
50242172410
50242172481
50242173052
50242173067
50242173130
50242173286
50242173312
50242173367
50242173615
50242173666
50242173777
50242174204
50242174425
50242174519
50242174613
50242174811
50242175161
50242175194
50242175210
50242175302
50242175369
50242175412
50242175492
50242175543
50242175561
50242176324
50242176786
50242176876
50242176935
50242176985
50242177005
50242177094
50242177145
50242177170
50242177184
50242177243
50242177395
50242177654
50242177713
50242177733
50242177750
50242177993
50242178006
50242180027
50242180810
50242181086
50242181147
50242181314
50242181658
50242181682
50242181716
50242182439
50242182451
50242182498
50242182606
50242183123
50242183210
50242183416
50242184148
50242184271
50242184284
50242184477
50242184860
50242185617
50242185686
50242185749
50242185955
50242186018
50242186492
50242186504
50242186692
50242186722
50242186941
50242186969
50242187288
50242187572
50242187608
50242188594
50242188638
50242188660
50242188859
50242188947
50242188992
50242189062
50242189306
50242189556
50242190250
50242190474
50242190517
50242191195
50242191424
50242191578
50242191594
50242192097
50242192986
50242193358
50242193386
50242193447
50242193608
50242193672
50242193752
50242193757
50242193847
50242194074
50242194473
50242194564
50242194910
50242195055
50242195417
50242195494
50242195683
50242195783
50242195824
50242195946
50242196134
50242196154
50242196264
50242196338
50242196440
50242196874
50242196939
50242196978
50242197507
50242197707
50242197894
50242197962
50242198143
50242198336
50242198396
50242198453
50242198518
50242198567
50242198784
50242199478
50242200030
50242201259
50242201337
50242202219
50242202298
50242202469
50242203818
50242204907
50242204993
50242205486
50242206687
50242207629
50242208082
50242208892
50242208947
50247682329
50247682384
50247682792
50247682899
50247683279
50247683438
50247684493
50247684601
50247684936
50247685412
50247685867
50247686110
50247686950
50255419375
50247687382
50247688594
50247689506
50247690849
50247690879
50247691087
50247691798
50247691967
50247692250
50247696735
50247696850
50247698428
50247698430
50247699338
50247701035
50247701922
50247701965
50247702095
50255419396
50247702724
50247702734
50247702801
50247702899
50247703348
50247703582
50247703686
50255419460
50247703983
50247704081
50247704351
50247704601
50247704674
50247704830
50247705604
50247705705
50247706313
50247706673
50247707723
50247707931
50247708505
50247709689
50250160012
50255419919
50250160347
50255419934
50250161564
50250161565
50250161592
50250161771
50250161887
50250161958
50255412040
50255415424
50250162344
50250162846
50250162977
50250163190
50255417297
50250163519
50250163596
50250163602
50250163824
50255417373
50255417509
50250165258
50250165336
50250165790
50250165937
50255417557
50250166117
50250166127
50250166183
50250166280
50250166362
50250166408
50250166682
50255416780
50250167175
50250167576
50250167886
50250167889
50250167957
50250168342
50250168712
50255417155
50250168810
50250168830
50250169009
50250169128
50250169166
50250169168
50250169371
50250169568
50250169763
50250169810
50250169902
50250169912
50250170012
50250170688
50250171187
50250171285
50250171352
50250171554
50250172040
50250172318
50250172603
50255419801
50250172724
50250172781
50250173246
50255417925
50250173995
50250174221
50250174331
50250174841
50255417960
50255417967
50250175342
50250175728
50250175933
50250175995
50250176283
50250176382
50252139569
50250176954
50250177602
50250177665
50250177768
50250177843
50250177860
50250178253
50250178345
50250178461
50250178529
50252139697
50250178836
50250179013
50250179392
50252139853
50250179471
50250179894
50252132063
50250180993
50250180999
50252130223
50252130610
50252131289
50252136337
50250181842
50252136371
50250182219
50250183190
50250184260
50250184719
50252136902
50250184936
50252132135
50250185365
50250185631
